$ python tester.py
Input set length: 200
Input intersection length: 25

server set: [2, 9, 11, 12, 17, 18, 21, 22, 26, 30, 31, 33, 35, 37, 39, 40, 43, 44, 46, 48, 49, 50, 54, 59, 66, 67, 68, 76, 77, 79, 80, 82, 86, 88, 89, 91, 93, 95, 98, 100, 102, 103, 105, 106, 109, 111, 114, 118, 119, 121, 123, 127, 129, 131, 132, 137, 138, 141, 143, 145, 146, 147, 152, 153, 155, 157, 158, 159, 162, 163, 164, 165, 166, 168, 169, 180, 181, 185, 186, 187, 188, 190, 193, 194, 198, 200, 204, 205, 206, 208, 211, 212, 213, 222, 232, 234, 244, 247, 249, 250, 252, 253, 255, 256, 257, 261, 262, 264, 268, 269, 275, 276, 277, 279, 280, 283, 284, 291, 292, 293, 295, 296, 300, 303, 305, 306, 307, 312, 315, 324, 325, 327, 330, 331, 332, 339, 341, 344, 345, 350, 357, 365, 367, 368, 369, 370, 376, 378, 382, 385, 386, 388, 389, 391, 392, 399, 400, 401, 402, 415, 419, 421, 426, 427, 434, 442, 443, 444, 445, 448, 451, 454, 455, 456, 458, 462, 463, 472, 474, 477, 479, 482, 483, 488, 491, 495, 496, 497, 498, 502, 503, 506, 507, 508, 509, 511, 520, 523, 525, 532]
client set: [2, 9, 11, 12, 17, 18, 21, 22, 26, 30, 31, 33, 35, 37, 39, 40, 43, 44, 46, 48, 49, 50, 54, 59, 66, 2049, 2055, 2058, 2059, 2061, 2062, 2067, 2068, 2073, 2074, 2079, 2080, 2084, 2086, 2088, 2093, 2096, 2097, 2101, 2102, 2106, 2107, 2108, 2110, 2112, 2113, 2114, 2118, 2120, 2123, 2126, 2127, 2128, 2131, 2132, 2133, 2134, 2137, 2139, 2143, 2145, 2146, 2147, 2150, 2151, 2153, 2159, 2160, 2161, 2166, 2167, 2173, 2179, 2180, 2181, 2184, 2189, 2194, 2195, 2200, 2201, 2202, 2204, 2210, 2211, 2212, 2216, 2217, 2218, 2222, 2223, 2227, 2229, 2230, 2232, 2236, 2243, 2244, 2245, 2247, 2249, 2251, 2254, 2257, 2264, 2268, 2270, 2274, 2275, 2277, 2278, 2284, 2285, 2294, 2295, 2296, 2297, 2298, 2299, 2301, 2303, 2304, 2306, 2307, 2311, 2312, 2315, 2318, 2321, 2323, 2324, 2326, 2327, 2328, 2330, 2336, 2337, 2338, 2339, 2342, 2344, 2347, 2348, 2351, 2352, 2354, 2355, 2356, 2358, 2360, 2362, 2364, 2365, 2366, 2367, 2371, 2377, 2378, 2380, 2387, 2390, 2393, 2394, 2395, 2399, 2404, 2406, 2408, 2409, 2410, 2412, 2415, 2417, 2418, 2420, 2422, 2423, 2426, 2429, 2435, 2436, 2437, 2442, 2444, 2446, 2447, 2449, 2454, 2457, 2463, 2465, 2468, 2469, 2473, 2480]
intersection: [2, 9, 11, 12, 17, 18, 21, 22, 26, 30, 31, 33, 35, 37, 39, 40, 43, 44, 46, 48, 49, 50, 54, 59, 66]

PSI3RoundPaillier output: [2, 9, 11, 12, 17, 18, 21, 22, 26, 30, 31, 33, 35, 37, 39, 40, 43, 44, 46, 48, 49, 50, 54, 59, 66]
PSI3RoundPaillier time: 21.8620269299

PSI2RoundPaillier output: [2, 9, 11, 12, 17, 18, 21, 22, 26, 30, 31, 33, 35, 37, 39, 40, 43, 44, 46, 48, 49, 50, 54, 59, 66]
PSI2RoundPaillier time: 18.0804710388

PSI2RoundElGamal output: [2, 9, 11, 12, 17, 18, 21, 22, 26, 30, 31, 33, 35, 37, 39, 40, 43, 44, 46, 48, 49, 50, 54, 59, 66]
PSI2RoundElGamal time: 3.55466294289
